127 0
126 0
125 0
124 0
122 0
120 0
117 0
114 0
110 0
105 0
100 0
95 0
89 0
82 0
75 0
68 0
60 0
52 0
43 0
34 0
25 0
16 0
6 0
-3 0
-13 0
-22 0
-32 0
-41 0
-51 0
-60 0
-68 0
-77 0
-85 0
-92 0
-99 0
-105 0
-111 0
-115 0
-120 0
-123 0
-125 0
-127 0
-127 0
-127 0
-126 0
-124 0
-121 0
-116 0
-111 0
-105 0
-98 0
-91 0
-82 0
-73 0
-63 0
-52 0
-41 0
-30 0
-18 0
-6 0
6 0
18 0
30 0
42 0
54 0
65 0
75 0
85 0
94 0
102 0
109 0
115 0
120 0
123 0
126 0
126 0
126 0
124 0
121 0
116 0
110 0
103 0
94 0
85 0
74 0
62 0
50 0
37 0
23 0
9 0
-6 0
-20 0
-34 0
-48 0
-61 0
-73 0
-85 0
-95 0
-104 0
-112 0
-119 0
-123 0
-126 0
-127 0
-127 0
-124 0
-120 0
-114 0
-106 0
-97 0
-86 0
-74 0
-60 0
-46 0
-31 0
-15 0
1 0
17 0
33 0
48 0
63 0
77 0
89 0
100 0
109 0
117 0
122 0
125 0
126 0
125 0
122 0
116 0
108 0
98 0
87 0
73 0
58 0
42 0
25 0
8 0
-10 0
-28 0
-45 0
-61 0
-77 0
-90 0
-102 0
-112 0
-120 0
-125 0
-127 0
-127 0
-124 0
-119 0
-111 0
-100 0
-87 0
-72 0
-56 0
-38 0
-19 0
0 0
19 0
38 0
56 0
73 0
88 0
101 0
111 0
119 0
124 0
126 0
125 0
121 0
114 0
104 0
91 0
75 0
58 0
39 0
19 0
-1 0
-22 0
-42 0
-61 0
-79 0
-94 0
-107 0
-117 0
-124 0
-127 0
-127 0
-123 0
-116 0
-105 0
-92 0
-75 0
-57 0
-36 0
-15 0
7 0
29 0
50 0
69 0
87 0
102 0
113 0
121 0
126 0
126 0
123 0
115 0
104 0
89 0
71 0
51 0
29 0
6 0
-17 0
-40 0
-61 0
-80 0
-97 0
-111 0
-121 0
-126 0
-127 0
-124 0
-117 0
-105 0
-89 0
-70 0
-49 0
-26 0
-2 0
23 0
46 0
68 0
87 0
103 0
116 0
123 0
126 0
125 0
118 0
107 0
91 0
72 0
50 0
25 0
0 0
-25 0
-50 0
-72 0
-92 0
-108 0
-119 0
-126 0
-127 0
-123 0
-114 0
-100 0
-82 0
-60 0
-35 0
-9 0
17 0
43 0
67 0
88 0
105 0
118 0
125 0
126 0
122 0
112 0
97 0
77 0
54 0
28 0
1 0
-27 0
-53 0
-77 0
-97 0
-113 0
-123 0
-127 0
-125 0
-117 0
-104 0
-85 0
-61 0
-35 0
-7 0
22 0
49 0
74 0
95 0
112 0
122 0
126 0
124 0
115 0
100 0
79 0
54 0
27 0
-3 0
-32 0
-60 0
-84 0
-104 0
-118 0
-126 0
-127 0
-121 0
-108 0
-88 0
-64 0
-36 0
-6 0
24 0
53 0
79 0
100 0
116 0
125 0
126 0
120 0
107 0
87 0
62 0
33 0
2 0
-29 0
-59 0
-85 0
-106 0
-120 0
-127 0
-126 0
-117 0
-101 0
-78 0
-50 0
-19 0
13 0
44 0
73 0
97 0
114 0
124 0
126 0
120 0
105 0
84 0
56 0
25 0
-8 0
-40 0
-70 0
-95 0
-114 0
-125 0
-127 0
-121 0
-106 0
-83 0
-55 0
-23 0
11 0
44 0
74 0
99 0
116 0
125 0
125 0
116 0
98 0
73 0
42 0
8 0
-26 0
-59 0
-88 0
-109 0
-123 0
-127 0
-122 0
-107 0
-85 0
-55 0
-21 0
14 0
49 0
79 0
104 0
120 0
126 0
123 0
109 0
87 0
58 0
24 0
-13 0
-48 0
-79 0
-104 0
-121 0
-127 0
-123 0
-109 0
-86 0
-55 0
-20 0
17 0
53 0
84 0
108 0
122 0
126 0
119 0
102 0
75 0
42 0
5 0
-32 0
-67 0
-96 0
-117 0
-127 0
-125 0
-113 0
-90 0
-59 0
-23 0
16 0
53 0
85 0
109 0
123 0
126 0
117 0
96 0
67 0
31 0
-8 0
-46 0
-80 0
-107 0
-123 0
-127 0
-120 0
-100 0
-71 0
-35 0
5 0
44 0
79 0
106 0
122 0
126 0
118 0
97 0
67 0
29 0
-11 0
-51 0
-85 0
-111 0
-125 0
-127 0
-115 0
-91 0
-58 0
-19 0
22 0
61 0
94 0
116 0
126 0
123 0
106 0
78 0
41 0
0 0
-42 0
-79 0
-107 0
-124 0
-127 0
-116 0
-92 0
-58 0
-18 0
25 0
64 0
97 0
118 0
126 0
120 0
100 0
68 0
28 0
-15 0
-56 0
-92 0
-116 0
-127 0
-123 0
-105 0
-74 0
-35 0
9 0
51 0
88 0
114 0
126 0
123 0
105 0
74 0
34 0
-10 0
-53 0
-90 0
-116 0
-127 0
-123 0
-103 0
-71 0
-30 0
15 0
58 0
94 0
118 0
126 0
119 0
96 0
61 0
18 0
-28 0
-70 0
-103 0
-123 0
-127 0
-114 0
-86 0
-47 0
-2 0
44 0
83 0
112 0
126 0
122 0
102 0
69 0
25 0
-21 0
-65 0
-101 0
-122 0
-127 0
-114 0
-86 0
-46 0
1 0
48 0
87 0
115 0
126 0
120 0
96 0
59 0
13 0
-35 0
-78 0
-110 0
-126 0
-124 0
-104 0
-69 0
-24 0
24 0
69 0
104 0
124 0
125 0
107 0
74 0
29 0
-20 0
-66 0
-103 0
-124 0
-126 0
-110 0
-77 0
-32 0
18 0
65 0
102 0
123 0
125 0
108 0
74 0
28 0
-22 0
-69 0
-105 0
-125 0
-125 0
-105 0
-69 0
-22 0
29 0
75 0
109 0
126 0
122 0
98 0
58 0
9 0
-42 0
-86 0
-116 0
-127 0
-118 0
-88 0
-45 0
7 0
57 0
97 0
122 0
125 0
108 0
72 0
24 0
-28 0
-76 0
-111 0
-127 0
-121 0
-95 0
-52 0
0 0
51 0
94 0
120 0
126 0
109 0
73 0
24 0
-30 0
-78 0
-113 0
-127 0
-119 0
-90 0
-45 0
9 0
60 0
101 0
124 0
124 0
101 0
60 0
8 0
-46 0
-92 0
-120 0
-127 0
-110 0
-73 0
-22 0
33 0
81 0
115 0
126 0
114 0
80 0
31 0
-24 0
-75 0
-112 0
-127 0
-118 0
-87 0
-39 0
17 0
69 0
108 0
126 0
119 0
89 0
41 0
-15 0
-68 0
-108 0
-127 0
-120 0
-90 0
-42 0
15 0
68 0
108 0
126 0
118 0
87 0
37 0
-20 0
-73 0
-112 0
-127 0
-117 0
-83 0
-31 0
26 0
79 0
114 0
126 0
112 0
74 0
20 0
-38 0
-88 0
-120 0
-127 0
-106 0
-64 0
-7 0
50 0
97 0
123 0
123 0
96 0
48 0
-11 0
-67 0
-109 0
-127 0
-118 0
-82 0
-29 0
30 0
83 0
118 0
126 0
106 0
62 0
5 0
-54 0
-101 0
-126 0
-122 0
-91 0
-39 0
21 0
77 0
115 0
126 0
109 0
67 0
9 0
-52 0
-100 0
-125 0
-122 0
-90 0
-38 0
24 0
79 0
116 0
126 0
106 0
60 0
1 0
-60 0
-106 0
-127 0
-118 0
-81 0
-24 0
38 0
91 0
122 0
123 0
95 0
43 0
-19 0
-77 0
-116 0
-127 0
-107 0
-60 0
1 0
62 0
107 0
126 0
114 0
73 0
13 0
-50 0
-100 0
-126 0
-120 0
-84 0
-26 0
37 0
92 0
123 0
122 0
90 0
35 0
-29 0
-86 0
-121 0
-125 0
-96 0
-43 0
22 0
80 0
118 0
125 0
99 0
47 0
-18 0
-78 0
-118 0
-126 0
-102 0
-50 0
15 0
76 0
116 0
126 0
101 0
49 0
-17 0
-78 0
-118 0
-126 0
-100 0
-47 0
19 0
80 0
118 0
125 0
96 0
41 0
-25 0
-85 0
-122 0
-124 0
-92 0
-35 0
32 0
91 0
123 0
121 0
84 0
24 0
-44 0
-99 0
-126 0
-118 0
-76 0
-12 0
55 0
106 0
126 0
110 0
62 0
-4 0
-70 0
-115 0
-127 0
-102 0
-47 0
21 0
83 0
121 0
123 0
88 0
27 0
-42 0
-99 0
-126 0
-117 0
-72 0
-6 0
62 0
111 0
126 0
104 0
49 0
-20 0
-83 0
-122 0
-123 0
-87 0
-25 0
46 0
102 0
126 0
112 0
63 0
-6 0
-73 0
-118 0
-126 0
-95 0
-34 0
37 0
96 0
125 0
115 0
68 0
0 0
-69 0
-116 0
-126 0
-96 0
-36 0
36 0
96 0
125 0
114 0
66 0
-3 0
-72 0
-118 0
-125 0
-92 0
-29 0
43 0
101 0
126 0
110 0
57 0
-15 0
-82 0
-122 0
-122 0
-82 0
-14 0
58 0
110 0
126 0
99 0
39 0
-34 0
-97 0
-127 0
-114 0
-63 0
9 0
78 0
120 0
121 0
81 0
12 0
-61 0
-113 0
-127 0
-97 0
-34 0
41 0
101 0
126 0
107 0
51 0
-24 0
-90 0
-125 0
-117 0
-67 0
6 0
77 0
120 0
121 0
79 0
8 0
-65 0
-116 0
-125 0
-90 0
-23 0
53 0
109 0
126 0
97 0
33 0
-43 0
-104 0
-127 0
-105 0
-44 0
33 0
98 0
126 0
108 0
50 0
-26 0
-94 0
-126 0
-113 0
-57 0
19 0
89 0
125 0
114 0
60 0
-16 0
-87 0
-125 0
-116 0
-64 0
12 0
84 0
124 0
116 0
64 0
-12 0
