11 0
9 -5
8 -9
4 -10
1 -10
-1 -9
-3 -7
-4 -5
-4 -2
-3 -1
-2 -1
-1 -1
0 -2
0 -3
-1 -3
-1 -3
-1 -3
-3 -3
-3 -2
-3 -1
-1 0
-1 0
-1 -1
-1 -1
-1 -2
-1 -2
-2 -2
-2 -2
-2 -1
-2 -1
-1 -1
-1 -1
-1 -1
-1 -1
-1 -2
-2 -2
-2 -1
-2 -1
-2 -1
-2 -1
-1 -1
-1 0
-1 0
-1 -1
-1 -1
-1 -1
-1 -1
-2 0
-1 -1
-2 0
-1 -1
-1 0
-1 -1
-1 -1
-1 -1
-1 -1
-1 -1
-1 -1
-1 -1
-1 0
-1 0
0 0
-1 -1
-1 -1
-1 -1
-1 -1
-1 -1
-2 -1
-1 -1
-1 0
-1 0
-1 0
-1 -1
-1 -1
-1 -1
-1 -1
-2 -1
-2 -1
-2 -1
-1 -1
-1 -1
-1 0
-1 -1
-1 -1
-1 -1
-1 -1
-2 -1
-2 -1
-2 -1
-2 -1
-1 -1
-1 0
-1 -1
-1 -1
-1 -1
-1 -1
-1 -1
-2 -1
-2 -1
-1 0
-1 -1
-1 0
-1 0
-1 0
-1 -1
-1 -1
-1 -1
-2 -1
-2 -1
-1 0
-1 0
-1 0
-1 0
0 0
-1 -1
-1 -1
-1 -1
-2 -1
-2 -1
-1 0
-1 0
-1 0
0 0
0 0
-1 -1
-1 -1
-1 -1
-1 -1
0 0
-1 0
-1 0
-1 0
-1 0
-1 -1
-1 -1
0 0
-1 -1
-1 -1
0 0
0 0
-1 0
-1 0
-1 0
-1 0
-1 -1
-1 -1
-1 -1
-1 -1
-1 0
-1 0
-1 0
-1 0
-1 0
-1 0
-1 -1
-1 0
-1 -1
-1 -1
-1 -1
0 0
0 0
-1 0
-1 0
-1 0
-1 -1
0 -1
-1 -1
-1 -1
-1 0
-1 0
-1 0
-1 0
-1 0
-1 0
-1 0
-1 0
-1 -1
-1 0
-1 0
-1 0
0 0
-1 0
-1 0
-1 0
0 0
0 0
-1 0
0 0
-1 0
-1 0
0 0
0 0
0 0
-1 0
-1 0
-1 -1
0 0
-1 0
-1 0
-1 0
0 0
0 0
0 0
0 0
-1 0
0 -1
0 -1
-1 -1
-1 0
0 0
0 0
-1 0
0 0
0 0
-1 0
-1 0
-1 -1
0 -1
0 0
-1 0
0 0
0 0
0 0
0 0
0 0
-1 0
-1 0
-1 -1
0 0
0 0
-1 0
0 0
-1 0
0 0
0 0
0 -1
0 -1
-1 -1
0 0
0 0
-1 0
0 -1
0 -1
-1 0
0 0
0 -1
0 -1
0 0
0 0
-1 -1
-1 0
-1 0
0 -1
0 -1
0 -1
0 -1
0 -1
0 0
0 -1
0 -1
0 -1
-1 0
-1 0
0 0
-1 -1
0 -1
-1 -1
-1 -1
-1 -1
0 -1
0 -1
-1 0
-1 0
0 -1
-1 -1
0 0
-1 -1
-1 -1
0 -1
0 -1
0 -1
-1 0
0 -1
0 0
-1 -1
0 0
0 -1
0 -1
-1 -1
0 -1
-1 -1
-1 0
-1 -1
-1 -1
-1 -1
0 0
0 -1
0 -1
0 -1
-1 -1
-1 -1
-1 0
-1 0
0 -1
-1 0
0 -1
0 -1
0 -1
-1 -1
-1 -1
0 -1
0 -1
0 -1
-1 0
0 0
0 -1
-1 -1
0 0
-1 -1
-1 -1
-1 -1
0 -1
0 -1
-1 0
0 -1
0 -1
0 -1
0 -1
-1 -1
0 -1
-1 -1
-1 -1
-1 0
-1 0
-1 0
0 0
0 -1
0 -1
-1 -1
-1 -1
-1 -1
-1 -1
-1 -1
-1 -1
-1 -1
-1 -1
-1 -1
0 -1
-1 -1
-1 -1
-1 -1
-1 -1
-1 -1
-1 -1
-1 -1
0 0
-1 -1
0 -1
0 -1
-1 -1
-1 -1
-1 -1
-1 -1
-1 -1
-1 -1
0 0
0 -1
-1 -1
0 -1
-1 -1
-1 -1
-1 -1
-1 -1
-1 -1
-1 -1
0 0
0 -1
0 -1
-1 -1
-1 -1
-1 -1
-1 -1
-1 -1
-1 -1
0 0
0 -1
0 -1
0 -1
0 -1
-1 -1
-1 -1
-1 -1
-1 -1
-1 -1
0 0
0 0
0 -1
0 -1
0 -1
-1 -1
-1 -1
-1 -1
-1 -1
-1 0
-1 -1
-1 -1
0 -1
0 -1
0 -1
-1 -1
-1 -1
-1 -1
-1 -1
-1 0
-1 -1
0 0
0 0
-1 -1
-1 -1
-1 -1
-1 -1
-1 0
-1 -1
-1 0
-1 0
-1 0
-1 0
-1 -1
-1 -1
-1 -1
-1 -1
-1 0
-1 -1
-1 0
-1 0
-1 0
0 0
-1 -1
-1 -1
-1 -1
-1 -1
-1 -1
-1 0
-1 0
-1 0
-1 0
0 0
0 0
0 0
-1 -1
-1 -1
-1 -1
0 0
-1 0
-1 0
-1 0
0 0
0 0
0 0
0 0
-1 -1
-1 0
-1 0
-1 0
0 0
0 0
0 0
0 -1
-1 -1
-1 -1
-1 -1
-1 -1
-1 0
-1 0
0 0
0 0
0 0
0 0
0 0
0 0
0 0
-1 0
-1 0
-1 0
0 0
-1 0
0 0
0 0
0 -1
-1 -1
-1 -1
-1 0
-1 0
-1 0
-1 0
0 0
0 0
0 0
0 -1
0 -1
-1 -1
-1 -1
-1 0
-1 0
0 0
0 0
0 0
0 0
0 0
0 -1
0 -1
0 -1
0 0
0 0
0 0
0 0
0 0
0 -1
0 -1
0 -1
0 -1
0 -1
0 -1
0 0
0 0
0 0
0 -1
0 -1
0 -1
0 -1
0 -1
0 -1
-1 -1
-1 -1
0 -1
0 -1
0 0
0 -1
0 -1
0 -1
0 -1
0 -1
0 -1
0 -1
0 0
0 0
0 0
0 -1
0 -1
0 -1
0 -1
0 -1
0 -1
-1 -1
-1 -1
0 0
0 0
0 -1
0 -1
0 -1
0 -1
0 -1
0 -1
-1 -1
0 -1
0 0
0 -1
0 -1
0 -1
0 -1
0 -1
0 -1
-1 -1
0 0
0 -1
0 -1
0 -1
0 -1
0 -1
0 -1
0 -1
-1 -1
-1 -1
-1 -1
0 -1
0 -1
0 -1
0 -1
0 -1
0 -1
0 -1
0 -1
0 -1
-1 -1
0 -1
0 -1
0 -1
0 -1
0 -1
0 -1
0 -1
0 -1
0 -1
-1 -1
0 -1
0 -1
0 -1
0 -1
0 -1
0 -1
0 -1
-1 -1
0 -1
-1 -1
-1 -1
0 -1
0 -1
0 -1
0 -1
0 -1
0 -1
-1 -1
-1 -1
-1 -1
-1 -1
-1 0
0 -1
0 -1
0 -1
0 -1
0 -1
-1 -1
-1 -1
-1 -1
-1 0
-1 0
0 -1
0 -1
0 -1
0 -1
0 0
-1 -1
-1 -1
-1 -1
-1 -1
0 -1
0 -1
0 0
0 -1
0 -1
0 0
0 0
-1 -1
-1 -1
-1 -1
-1 -1
0 -1
0 -1
0 -1
0 -1
-1 -1
-1 -1
-1 -1
-1 -1
-1 -1
-1 -1
0 -1
-1 -1
0 -1
0 -1
0 -1
0 0
0 0
-1 -1
-1 -1
-1 -1
0 -1
0 0
0 -1
0 -1
-1 -1
-1 -1
-1 -1
-1 -1
-1 -1
0 -1
-1 0
-1 -1
0 -1
-1 -1
-1 -1
-1 -1
0 0
-1 -1
-1 -1
-1 -1
-1 0
-1 0
0 -1
-1 0
-1 -1
-1 -1
0 0
0 0
0 0
-1 -1
-1 -1
0 -1
0 0
-1 -1
-1 -1
-1 -1
0 0
0 0
0 0
0 0
-1 -1
0 0
0 0
0 -1
-1 -1
0 0
0 0
-1 -1
-1 0
-1 0
-1 -1
-1 -1
0 -1
0 0
0 0
-1 -1
0 0
0 0
0 0
0 0
0 0
-1 -1
-1 -1
0 -1
0 0
-1 0
-1 -1
0 0
-1 -1
-1 0
-1 0
0 0
0 0
0 -1
-1 0
-1 0
-1 -1
0 0
0 0
-1 -1
-1 0
0 0
0 0
-1 0
-1 0
0 -1
-1 -1
-1 -1
0 0
0 0
0 0
0 -1
0 0
0 0
0 0
0 0
0 0
-1 -1
-1 -1
-1 0
0 -1
0 0
0 -1
0 -1
0 -1
0 0
0 0
-1 -1
-1 -1
0 0
0 -1
-1 0
0 -1
0 -1
0 0
0 0
0 0
-1 -1
0 0
-1 0
0 -1
-1 0
0 0
0 0
0 -1
0 0
0 -1
0 -1
0 -1
0 -1
0 -1
0 0
0 0
0 0
0 0
0 -1
0 -1
-1 -1
-1 -1
0 0
-1 -1
0 0
0 0
0 0
0 -1
0 -1
0 0
0 0
0 0
-1 -1
-1 0
0 0
0 -1
0 0
0 -1
0 -1
0 -1
0 0
0 0
-1 -1
0 0
0 0
0 0
0 0
0 -1
0 0
0 -1
0 -1
0 -1
0 -1
0 -1
-1 0
0 0
0 0
0 -1
0 -1
0 -1
0 -1
0 -1
0 -1
0 -1
0 -1
0 -1
0 0
0 -1
0 -1
0 -1
0 -1
0 -1
0 -1
0 -1
-1 0
0 -1
0 0
0 0
0 -1
0 -1
0 -1
0 -1
0 -1
0 -1
-1 0
0 0
0 -1
0 0
0 -1
0 -1
0 -1
0 -1
0 -1
0 -1
0 0
0 0
0 0
0 -1
0 -1
0 -1
0 -1
0 -1
0 -1
0 0
0 0
0 0
0 0
0 0
0 -1
0 -1
0 -1
0 -1
0 -1
0 0
0 0
0 0
0 0
0 0
0 -1
0 -1
0 -1
0 -1
-1 -1
0 -1
0 -1
0 0
0 0
0 0
0 -1
0 -1
0 -1
0 -1
-1 -1
0 -1
0 0
0 0
0 -1
0 -1
0 -2
0 -1
0 -1
0 -1
-1 -1
-1 -1
0 -1
-1 -1
0 -1
0 -1
0 -1
0 -2
-1 -2
0 -1
-1 -2
-1 -1
-1 -1
0 0
0 -1
0 -1
0 -1
0 -1
0 -2
-1 -2
-1 -1
-1 -1
-1 -1
0 0
0 0
0 0
0 -1
0 -1
0 -1
0 0
-1 -1
-1 -1
-1 -1
0 0
0 0
0 0
0 0
0 -1
-1 -1
-1 -1
-1 -1
-1 -1
0 0
0 0
0 0
0 -1
0 -1
0 -1
0 -1
0 -1
-1 -1
0 0
-1 -1
0 0
0 0
0 0
0 0
0 0
0 -1
0 -1
-1 -1
0 0
-1 -1
-1 -1
0 0
0 0
0 -1
0 -1
-1 -2
-1 -2
-1 -1
-2 -1
-2 0
-1 1
-1 1
0 1
1 0
1 -1
0 -1
-1 -2
-2 -2
-4 0
-4 2
-3 3
-1 6
1 7
4 7
8 5
0 0
