0 0
0 -2
0 -1
1 -1
1 -1
0 -1
1 -1
1 -1
1 -1
1 -1
2 -1
2 -1
2 -1
2 -1
2 -1
3 -1
4 -1
5 -1
8 -1
14 -2
46 -4
-45 2
-16 0
-10 0
-7 0
-6 0
-5 0
-5 0
-4 0
-4 0
-3 0
-3 0
-3 0
-3 -1
-3 -1
-2 -1
-2 -1
-2 0
-2 0
-2 0
-1 0
-2 0
-1 0
-1 0
-1 0
-1 0
-1 0
-1 0
-1 0
-1 0
-1 0
-1 -1
-1 -1
-1 0
0 0
0 0
0 -1
0 -1
0 -1
1 -1
3 -1
11 -3
-11 1
-5 0
-3 0
-3 0
-3 0
-2 0
-2 0
-2 0
-2 0
-2 0
-2 0
-2 0
-2 0
-2 0
-2 -1
-2 0
-2 0
-2 0
-2 -1
-2 0
-2 -1
-2 0
-2 0
-2 0
-2 0
-2 0
-2 0
-2 0
-2 0
-2 0
-2 0
-1 0
-2 0
-2 0
-2 0
-2 0
-2 -1
-1 0
-1 0
-1 0
-2 0
-1 0
-1 0
-2 0
-1 0
-1 0
-1 0
-1 -1
-1 0
-1 0
-1 0
-1 0
-1 0
-2 0
-1 0
-1 0
-1 0
-1 0
-1 0
-1 0
-1 0
-1 -1
-1 0
-1 0
-1 0
-1 0
-1 0
-1 0
-1 0
-1 0
-1 0
-1 0
-1 0
-1 0
-1 0
-1 0
-1 0
-1 0
-1 0
-1 0
-1 0
-1 0
-1 -1
-1 0
-1 0
-1 0
-1 0
-1 -1
-1 0
-1 0
-1 -1
-1 0
-1 0
-1 0
-1 0
-1 0
-1 0
-1 0
-1 0
-1 0
-1 0
-1 0
-1 0
-1 0
-1 0
-1 0
-1 0
0 0
-1 0
-1 0
-1 0
-1 0
-1 0
-1 0
-1 0
-1 0
-1 0
-1 0
0 0
-1 0
-1 0
0 0
-1 0
-1 0
0 0
-1 0
0 0
-1 0
-1 -1
0 0
-1 -1
-1 0
0 0
-1 0
-1 0
-1 0
0 -1
-1 0
-1 0
-1 0
-1 0
-1 0
-1 0
0 0
0 0
-1 0
-1 -1
0 0
-1 0
-1 -1
-1 0
-1 0
-1 0
-1 0
-1 0
-1 0
-1 -1
-1 0
-1 0
-1 0
-1 0
-1 0
-1 -1
-1 0
-1 0
-1 -1
-1 0
-1 0
-1 0
-1 0
-1 -1
-1 0
0 0
0 0
-1 0
0 0
-1 0
-1 -1
0 0
0 -1
-1 0
0 0
0 0
0 -1
-1 0
-1 0
-1 0
-1 0
-1 0
-1 -1
-1 0
-1 0
0 0
0 0
0 0
-1 0
0 0
0 0
-1 0
0 -1
-1 -1
-1 -1
0 -1
0 -1
0 -1
-1 0
0 0
-1 -1
0 -1
0 0
0 0
0 0
-1 -1
-1 -1
-1 -1
-1 0
-1 0
-1 0
-1 0
-1 -1
-1 -1
0 -1
-1 -1
-1 -1
-1 0
-1 0
0 -1
-1 -1
-1 0
0 0
-1 -1
-1 -1
0 -1
-1 -1
-1 -1
0 -1
-1 -1
-1 -1
-1 0
-1 0
-1 -1
0 0
-1 0
-1 -1
-1 0
-1 -1
-1 -1
-1 0
0 0
0 0
0 -1
-1 0
-1 -1
-1 -1
-1 0
0 0
0 -1
-1 -1
-1 0
-1 -1
0 -1
-1 0
-1 0
-1 0
-1 0
-1 0
-1 -1
-1 0
-1 -1
-1 0
-1 -1
-1 0
-1 0
-1 0
-1 -1
0 -1
-1 -1
-1 -1
-1 -1
-1 -1
-1 0
-1 -1
-1 -1
-1 -1
-1 0
-1 0
-1 -1
-1 0
-1 -1
0 -1
0 -1
-1 -1
-1 -1
-1 -1
-1 -1
-1 -1
-1 -1
-1 0
-1 -1
-1 0
-1 -1
-1 -1
-1 -1
-1 -1
-1 -1
-1 -1
-1 -1
-1 0
-1 -1
-1 -1
-1 -1
-1 -1
0 -1
0 -1
-1 -1
-1 -1
-1 0
-1 0
0 -1
-1 -1
0 0
-1 0
-1 0
0 0
-1 -1
-1 -1
0 0
-1 -1
-1 -1
0 0
-1 -1
-1 -1
0 0
-1 -1
-1 -1
-1 0
-1 -1
-1 0
-1 0
-1 -1
-1 -1
-1 -1
-1 -1
-1 -1
-1 0
-1 0
-1 -1
-1 -1
-1 -1
-1 0
-1 0
-1 -1
-1 0
-1 0
-1 0
-1 -1
-1 -1
-1 -1
-1 0
-1 0
-1 0
-1 -1
-1 0
-1 -1
-1 0
-1 0
-1 0
-1 -1
-1 0
-1 -1
-1 0
-1 0
-1 -1
-1 0
-1 -1
-1 0
-1 0
-1 -1
-1 0
0 0
-1 -1
-1 0
-1 -1
-1 0
-1 0
0 -1
0 0
-1 -1
-1 -1
-1 0
-1 0
-1 -1
-1 0
0 0
-1 0
-1 -1
-1 -1
-1 0
-1 0
-1 -1
-1 0
-1 0
-1 -1
-1 0
0 0
-1 0
-1 -1
-1 -1
-1 0
-1 0
-1 0
-1 0
-1 0
-1 0
0 -1
0 -1
-1 0
0 -1
-1 0
0 0
-1 0
-1 0
-1 0
-1 0
-1 0
0 -1
-1 -1
-1 -1
-1 0
0 -1
0 0
0 0
-1 0
0 0
-1 -1
-1 -1
-1 0
-1 -1
-1 -1
-1 0
0 -1
0 0
-1 0
-1 0
-1 0
-1 -1
0 -1
-1 -1
-1 0
0 0
0 0
0 0
0 0
0 0
0 -1
0 0
0 0
0 0
-1 -1
-1 0
0 -1
-1 0
-1 -1
-1 -1
0 -1
0 -1
-1 -1
-1 -1
0 -1
0 -1
0 -1
0 0
-1 0
0 -1
0 -1
-1 0
-1 -1
0 -1
-1 -1
0 0
0 -1
0 -1
0 -1
0 -1
0 0
0 -1
-1 -1
-1 -1
-1 0
-1 -1
-1 -1
0 0
-1 -1
-1 -1
0 0
-1 -1
-1 -1
-1 0
0 0
-1 0
0 -1
-1 0
0 -1
-1 0
0 0
0 0
0 -1
-1 -1
0 -1
-1 -1
-1 -1
0 -1
0 0
0 -1
-1 -1
0 -1
-1 0
0 -1
-1 0
0 0
-1 0
0 -1
-1 -1
-1 -1
0 0
0 -1
0 -1
0 -1
0 -1
0 -1
0 -1
-1 -1
0 -1
-1 -1
-1 -1
0 -1
0 -1
0 -1
0 -1
-1 -1
-1 -1
-1 -1
-1 -1
-1 -1
-1 -1
-1 -1
-1 -1
-1 -1
0 -1
-1 -1
0 -1
-1 -1
-1 -1
-1 -1
0 0
-1 -1
0 -1
0 -1
-1 0
0 0
-1 -1
0 -1
-1 -1
-1 -1
-1 0
0 -1
0 -1
-1 0
-1 -1
-1 -1
-1 0
0 -1
-1 -1
-1 -1
-1 -1
0 0
-1 -1
-1 -1
-1 -1
-1 0
0 -1
-1 -1
-1 -1
0 -1
-1 0
-1 0
0 -1
-1 -1
-1 0
0 -1
-1 -1
0 -1
0 -1
-1 -1
-1 -1
-1 0
0 -1
-1 -1
0 -1
-1 -1
-1 -1
0 -1
-1 0
-1 0
0 -1
-1 -1
0 -1
-1 0
-1 -1
-1 -1
0 0
-1 -1
0 -1
-1 -1
-1 -1
-1 -1
0 -1
0 0
-1 -1
-1 -1
-1 -1
-1 0
-1 -1
0 -1
-1 -1
0 0
-1 -1
-1 0
0 -1
0 -1
-1 -1
0 -1
0 -1
-1 -1
-1 -1
-1 -1
-1 -1
0 -1
-1 -1
-1 -1
-1 -1
-1 0
-1 -1
0 0
-1 0
0 0
-1 -1
0 0
-1 -1
-1 -1
-1 0
-1 -1
-1 -1
-1 0
-1 0
-1 0
0 0
-1 0
-1 -1
-1 0
0 -1
0 -1
-1 -1
-1 0
-1 -1
-1 -1
-1 -1
-1 -1
0 -1
-1 -1
0 0
0 0
-1 -1
0 0
0 -1
-1 0
0 -1
0 -1
0 0
-1 0
0 -1
-1 -1
0 -1
0 -1
-1 -1
-1 -1
-1 -1
0 -1
-1 0
0 0
-1 -1
-1 0
0 0
-1 0
-1 0
-1 -1
0 -1
-1 0
0 0
0 0
0 0
0 -1
0 -1
0 -1
0 -1
0 0
0 0
0 0
0 -1
0 0
0 0
-1 -1
0 -1
0 -1
0 -1
0 0
-1 -1
0 -1
-1 -1
-1 -1
-1 -1
-1 -1
0 0
-1 0
0 0
0 0
-1 -1
0 0
0 -1
0 -1
0 -1
-1 -1
0 -1
-1 0
-1 0
0 -1
-1 -1
-1 -1
0 0
0 -1
0 0
-1 -1
0 -1
0 -1
-1 -1
-1 0
0 -1
-1 -1
0 -1
0 -1
0 -1
0 0
0 -1
-1 -1
0 -1
-1 -1
-1 -1
0 -1
0 0
-1 0
0 0
0 0
0 -1
-1 -1
0 -1
0 0
0 -1
0 -1
0 0
-1 0
0 -1
0 -1
0 -1
-1 0
0 -1
0 -1
0 -1
0 -1
-1 0
0 -1
-1 -1
0 -1
0 -1
0 -1
0 -1
0 -1
0 -1
0 -1
0 -1
0 -1
0 -1
0 -1
0 -1
0 -1
0 -1
0 -1
0 -1
0 -1
0 -1
0 -1
0 -1
0 -1
0 -1
0 -1
0 -1
0 -1
0 -1
0 -1
0 -1
0 -1
-1 -1
0 -1
-1 -1
0 -1
-1 -1
-1 -1
0 -1
-1 -1
0 -1
-1 -1
-1 -1
0 -1
-1 -1
-1 -1
-1 -1
-1 -1
-1 -1
-1 -1
-1 -1
0 -1
0 -1
-1 -1
0 -1
-1 -1
-1 -1
0 -1
0 -1
-1 -1
-1 -1
0 -1
-1 -1
0 -1
0 -1
0 -1
-1 -1
-1 -1
-1 -1
-1 -1
0 -1
0 -1
0 -1
-1 -1
-1 -1
0 -1
0 -1
0 -1
0 -2
-1 -1
0 -1
-1 -1
-1 -1
0 -1
-1 -2
-1 -1
-1 -2
0 -1
-1 -1
0 -2
-1 -1
-1 -1
-1 -2
-1 -2
-1 -2
-1 -1
-1 -2
-1 -1
-1 -2
-1 -1
-1 -2
-1 -1
-1 -2
-1 -1
-1 -2
-1 -1
-1 -1
-1 -2
-1 -1
-1 -2
-1 -2
-1 -1
-1 -2
-1 -1
-1 -1
-2 -2
-1 -1
-2 -1
-2 -1
-2 -2
-3 -1
-5 -2
-10 -3
12 1
3 0
2 -1
1 -1
0 -1
0 -1
0 -1
0 -1
0 -1
0 -1
0 -1
0 -1
-1 -1
-1 -1
0 -2
0 -1
-1 -1
-1 -1
-1 -1
-1 -1
-1 -2
-1 -2
-1 -2
-1 -1
-1 -2
-1 -2
-1 -2
-1 -2
-1 -1
-2 -2
-2 -2
-2 -1
-2 -2
-3 -2
-3 -2
-4 -2
-5 -2
-6 -2
-9 -3
-15 -3
-43 -4
47 1
15 -1
9 -1
7 -1
5 -1
4 -1
4 -2
3 -2
3 -2
3 -1
2 -2
2 -2
2 -2
2 -2
2 -2
2 -2
1 -2
1 -2
1 -2
0 0
